26 0.417083 0.717061 0.0541667 0.177365 0.354428
1 0.43 0.516047 0.06 0.217905 0.369363
23 0.694167 0.613176 0.09 0.192568 0.516194
8 0.4725 0.516047 0.035 0.241554 0.560884
0 0.504167 0.51098 0.0366667 0.231419 0.634492
16 0.5025 0.716216 0.025 0.141892 0.814757
27 0.407917 0.711993 0.0375 0.177365 0.818273
24 0.480417 0.728885 0.0258333 0.153716 0.824681
11 0.582083 0.483108 0.0441667 0.212838 0.837077
17 0.522917 0.720439 0.0291667 0.157095 0.8557
18 0.5525 0.710304 0.0433333 0.173986 0.866326
4 0.372083 0.499155 0.0408333 0.204392 0.889206
2 0.41875 0.516047 0.0375 0.221284 0.889347
0 0.4725 0.516047 0.035 0.244932 0.893389
10 0.556667 0.5 0.0416667 0.226351 0.89339
26 0.432917 0.727196 0.0325 0.177365 0.894222
25 0.457083 0.723818 0.0291667 0.153716 0.899439
5 0.341667 0.478041 0.0533333 0.219595 0.906443
19 0.576667 0.684122 0.0483333 0.172297 0.906581
1 0.44625 0.521115 0.0291667 0.214527 0.906986
9 0.528333 0.514358 0.04 0.214527 0.909123
12 0.609583 0.474662 0.0441667 0.202703 0.915593
15 0.709583 0.401182 0.0525 0.143581 0.915631
8 0.504167 0.511824 0.0366667 0.233108 0.916368
14 0.679583 0.434966 0.0608333 0.197635 0.918677
28 0.3825 0.704392 0.045 0.192568 0.921689
23 0.7425 0.581926 0.0766667 0.160473 0.923305
6 0.300833 0.462838 0.0466667 0.189189 0.92595
20 0.605 0.678209 0.0533333 0.194257 0.927878
21 0.64625 0.648649 0.0791667 0.199324 0.932592
30 0.295417 0.646115 0.0791667 0.197635 0.933097
29 0.34375 0.686655 0.0775 0.221284 0.934632
13 0.6425 0.462838 0.055 0.202703 0.936545
22 0.690833 0.615709 0.0866667 0.194257 0.938312
31 0.24875 0.616554 0.0675 0.128378 0.938653
